Time [s]	Eng. strain [-]	Cast-200-550C-017 [MPa]	
0.000000	0.000607	103.721787	
0.000001	0.000606	103.632333	
0.000002	0.000590	100.922542	
0.000003	0.000668	114.283874	
0.000004	0.000658	112.586147	
0.000005	0.000620	106.089093	
0.000006	0.000684	117.042547	
0.000007	0.000716	122.437662	
0.000008	0.000704	120.307350	
0.000009	0.000774	132.370918	
0.000010	0.000839	143.463253	
0.000011	0.000850	145.316095	
0.000012	0.000925	158.106070	
0.000013	0.001019	174.242518	
0.000014	0.001064	181.914843	
0.000015	0.001160	198.320549	
0.000016	0.001283	219.329677	
0.000017	0.001335	228.299772	
0.000018	0.001415	242.044606	
0.000019	0.001550	265.061610	
0.000020	0.001617	276.447703	
0.000021	0.001679	287.148144	
0.000022	0.001808	309.112273	
0.000023	0.001874	320.457603	
0.000024	0.001898	324.530526	
0.000025	0.001995	341.115865	
0.000026	0.002070	353.954848	
0.000027	0.002090	357.366622	
0.000028	0.002170	371.038110	
0.000029	0.002247	384.285130	
0.000030	0.002258	386.064415	
0.000031	0.002320	396.675084	
0.000032	0.002411	412.305400	
0.000033	0.002433	416.084391	
0.000034	0.002488	425.495226	
0.000035	0.002593	443.353855	
0.000036	0.002617	447.516492	
0.000037	0.002640	451.475083	
0.000038	0.002741	468.786839	
0.000039	0.003234	475.920523	
0.000040	0.003710	475.047198	
0.000041	0.004172	485.200822	
0.000042	0.004619	488.277957	
0.000043	0.005055	478.809985	
0.000044	0.005481	479.128307	
0.000045	0.005899	479.716001	
0.000046	0.006312	469.350256	
0.000047	0.006724	468.623897	
0.000048	0.007137	473.390602	
0.000049	0.007551	467.195625	
0.000050	0.007968	470.321711	
0.000051	0.008386	480.864327	
0.000052	0.008801	486.800810	
0.000053	0.009213	492.582217	
0.000054	0.009617	497.890224	
0.000055	0.010013	499.587886	
0.000056	0.010402	498.842386	
0.000057	0.010785	498.940307	
0.000058	0.011164	498.521297	
0.000059	0.011543	496.649436	
0.000060	0.011924	495.887619	
0.000061	0.012307	496.143326	
0.000062	0.012695	496.091590	
0.000063	0.013084	497.449174	
0.000064	0.013474	500.262338	
0.000065	0.013862	502.471511	
0.000066	0.014247	504.512019	
0.000067	0.014628	506.245120	
0.000068	0.015007	506.334948	
0.000069	0.015384	506.696858	
0.000070	0.015761	508.438165	
0.000071	0.016137	509.268036	
0.000072	0.016513	509.706110	
0.000073	0.016887	511.363028	
0.000074	0.017259	512.075837	
0.000075	0.017630	511.645930	
0.000076	0.018000	513.104164	
0.000077	0.018370	515.441162	
0.000078	0.018741	516.208323	
0.000079	0.019113	517.038080	
0.000080	0.019484	518.460989	
0.000081	0.019854	518.382114	
0.000082	0.020223	517.827149	
0.000083	0.020592	518.627096	
0.000084	0.020960	519.489600	
0.000085	0.021328	519.802483	
0.000086	0.021696	520.150692	
0.000087	0.022063	520.112543	
0.000088	0.022431	520.414473	
0.000089	0.022797	521.747572	
0.000090	0.023163	522.735173	
0.000091	0.023529	523.706495	
0.000092	0.023894	525.523966	
0.000093	0.024258	526.073606	
0.000094	0.024622	525.456045	
0.000095	0.024985	526.726625	
0.000096	0.025348	528.821541	
0.000097	0.025711	529.354770	
0.000098	0.026075	530.026758	
0.000099	0.026439	531.278273	
0.000100	0.026803	530.886515	
0.000101	0.027167	530.157407	
0.000102	0.027531	531.313749	
0.000103	0.027896	532.570741	
0.000104	0.028260	532.804749	
0.000105	0.028625	533.332577	
0.000106	0.028989	533.770613	
0.000107	0.029352	533.781472	
0.000108	0.029715	534.635733	
0.000109	0.030077	535.854538	
0.000110	0.030439	536.599943	
0.000111	0.030800	537.337200	
0.000112	0.031159	537.309986	
0.000113	0.031516	536.716891	
0.000114	0.031872	537.699091	
0.000115	0.032226	539.225416	
0.000116	0.032578	539.385932	
0.000117	0.032929	539.968130	
0.000118	0.033277	541.189702	
0.000119	0.033623	540.806093	
0.000120	0.033968	540.536778	
0.000121	0.034312	542.449460	
0.000122	0.034654	543.777177	
0.000123	0.034996	543.287442	
0.000124	0.035337	543.322786	
0.000125	0.035678	543.613875	
0.000126	0.036019	543.211220	
0.000127	0.036361	543.823418	
0.000128	0.036703	545.202872	
0.000129	0.037046	545.676309	
0.000130	0.037391	546.098010	
0.000131	0.037737	546.492459	
0.000132	0.038084	546.095167	
0.000133	0.038433	546.799752	
0.000134	0.038781	548.516460	
0.000135	0.039129	548.497414	
0.000136	0.039477	547.926094	
0.000137	0.039824	548.745049	
0.000138	0.040167	548.981768	
0.000139	0.040509	548.723331	
0.000140	0.040849	550.320401	
0.000141	0.041185	551.912031	
0.000142	0.041519	551.425044	
0.000143	0.041851	551.030557	
0.000144	0.042181	551.427754	
0.000145	0.042509	551.278078	
0.000146	0.042837	551.637164	
0.000147	0.043164	552.616597	
0.000148	0.043491	552.447913	
0.000149	0.043818	552.137777	
0.000150	0.044146	552.755395	
0.000151	0.044474	553.024767	
0.000152	0.044804	553.688625	
0.000153	0.045134	555.530544	
0.000154	0.045465	556.129116	
0.000155	0.045797	555.296630	
0.000156	0.046130	555.484417	
0.000157	0.046463	556.072149	
0.000158	0.046798	555.996022	
0.000159	0.047133	556.638143	
0.000160	0.047468	557.432594	
0.000161	0.047804	556.858507	
0.000162	0.048139	556.401387	
0.000163	0.048473	556.882897	
0.000164	0.048808	557.299102	
0.000165	0.049142	558.322009	
0.000166	0.049476	559.742132	
0.000167	0.049810	559.690358	
0.000168	0.050144	559.342036	
0.000169	0.050478	560.228911	
0.000170	0.050813	560.726758	
0.000171	0.051148	560.862789	
0.000172	0.051485	562.125220	
0.000173	0.051821	562.810872	
0.000174	0.052158	562.016478	
0.000175	0.052495	562.125352	
0.000176	0.052834	563.210950	
0.000177	0.053172	563.610932	
0.000178	0.053512	564.057175	
0.000179	0.053852	564.565994	
0.000180	0.054192	564.005571	
0.000181	0.054533	563.752554	
0.000182	0.054873	564.552425	
0.000183	0.055213	564.974107	
0.000184	0.055554	565.561763	
0.000185	0.055895	566.696292	
0.000186	0.056235	566.443295	
0.000187	0.056576	565.654321	
0.000188	0.056917	566.682761	
0.000189	0.057258	568.013169	
0.000190	0.057599	568.306988	
0.000191	0.057942	569.109569	
0.000192	0.058285	569.884955	
0.000193	0.058628	569.378902	
0.000194	0.058972	569.381650	
0.000195	0.059316	570.453641	
0.000196	0.059660	571.057690	
0.000197	0.060005	571.596433	
0.000198	0.060349	572.004564	
0.000199	0.060692	571.207385	
0.000200	0.061034	570.989674	
0.000201	0.061374	572.170368	
0.000202	0.061713	572.396114	
0.000203	0.062051	572.213785	
0.000204	0.062388	573.293906	
0.000205	0.062723	573.405490	
0.000206	0.063057	572.181246	
0.000207	0.063390	572.823387	
0.000208	0.063721	574.529312	
0.000209	0.064053	574.455876	
0.000210	0.064384	574.153889	
0.000211	0.064713	574.978226	
0.000212	0.065042	575.176777	
0.000213	0.065371	575.206625	
0.000214	0.065699	576.488007	
0.000215	0.066026	577.557212	
0.000216	0.066353	577.753129	
0.000217	0.066679	577.995343	
0.000218	0.067003	577.829464	
0.000219	0.067326	577.644520	
0.000220	0.067649	578.621261	
0.000221	0.067969	579.423842	
0.000222	0.068288	579.042905	
0.000223	0.068606	578.765366	
0.000224	0.068921	578.569468	
0.000225	0.069236	577.894750	
0.000226	0.069550	578.025381	
0.000227	0.069863	579.127314	
0.000228	0.070177	579.785790	
0.000229	0.070492	580.052490	
0.000230	0.070807	580.262051	
0.000231	0.071124	580.044436	
0.000232	0.071443	580.297452	
0.000233	0.071764	581.453680	
0.000234	0.072087	582.084772	
0.000235	0.072413	582.144506	
0.000236	0.072741	582.590597	
0.000237	0.073070	582.677602	
0.000238	0.073401	582.432734	
0.000239	0.073733	583.292510	
0.000240	0.074066	584.508700	
0.000241	0.074399	584.625704	
0.000242	0.074732	584.429787	
0.000243	0.075063	584.495036	
0.000244	0.075393	584.394310	
0.000245	0.075722	584.745229	
0.000246	0.076049	585.553249	
0.000247	0.076375	585.648478	
0.000248	0.076699	585.381855	
0.000249	0.077022	585.452580	
0.000250	0.077343	585.351893	
0.000251	0.077665	585.637543	
0.000252	0.077986	586.842798	
0.000253	0.078306	587.351580	
0.000254	0.078627	586.742206	
0.000255	0.078949	586.622586	
0.000256	0.079270	586.932835	
0.000257	0.079592	587.003637	
0.000258	0.079915	587.607666	
0.000259	0.080239	588.312327	
0.000260	0.080563	587.808984	
0.000261	0.080888	586.984610	
0.000262	0.081213	586.957415	
0.000263	0.081538	587.319287	
0.000264	0.081864	588.225284	
0.000265	0.082191	589.539375	
0.000266	0.082517	589.922965	
0.000267	0.082844	589.691667	
0.000268	0.083172	589.925600	
0.000269	0.083499	589.990867	
0.000270	0.083828	590.080620	
0.000271	0.084157	591.133508	
0.000272	0.084484	591.634102	
0.000273	0.084812	590.665547	
0.000274	0.085141	590.260201	
0.000275	0.085468	590.812570	
0.000276	0.085794	590.831692	
0.000277	0.086121	591.011330	
0.000278	0.086446	591.950018	
0.000279	0.086771	592.069751	
0.000280	0.087095	591.506561	
0.000281	0.087417	591.833032	
0.000282	0.087738	592.600250	
0.000283	0.088059	593.231418	
0.000284	0.088379	593.995869	
0.000285	0.088697	594.085565	
0.000286	0.089014	593.573979	
0.000287	0.089331	593.919421	
0.000288	0.089645	594.610436	
0.000289	0.089960	594.681181	
0.000290	0.090274	595.073015	
0.000291	0.090586	595.565536	
0.000292	0.090898	594.967078	
0.000293	0.091210	594.537285	
0.000294	0.091520	595.432461	
0.000295	0.091830	596.229679	
0.000296	0.092140	596.262369	
0.000297	0.092450	596.107292	
0.000298	0.092758	595.533205	
0.000299	0.093066	595.078795	
0.000300	0.093374	595.734409	
0.000301	0.093681	596.604949	
0.000302	0.093988	597.089189	
0.000303	0.094295	597.723105	
0.000304	0.094602	597.682341	
0.000305	0.094910	596.781858	
0.000306	0.095220	596.977813	
0.000307	0.095530	598.259289	
0.000308	0.095842	598.743567	
0.000309	0.096157	598.710876	
0.000310	0.096473	598.972004	
0.000311	0.096791	598.890343	
0.000312	0.097111	598.898492	
0.000313	0.097433	599.788154	
0.000314	0.097756	600.579857	
0.000315	0.098080	600.824687	
0.000316	0.098405	600.971539	
0.000317	0.098730	600.500774	
0.000318	0.099056	599.883099	
0.000319	0.099382	600.391842	
0.000320	0.099707	600.887036	
0.000321	0.100032	600.217833	
0.000322	0.100357	599.815292	
0.000323	0.100681	600.136476	
0.000324	0.101004	600.210044	
0.000325	0.101327	600.686230	
0.000326	0.101650	601.937744	
0.000327	0.101971	602.517213	
0.000328	0.102293	602.283167	
0.000329	0.102614	602.264064	
0.000330	0.102933	602.459924	
0.000331	0.103253	603.172752	
0.000332	0.103571	604.500469	
0.000333	0.103888	604.878658	
0.000334	0.104205	604.195773	
0.000335	0.104521	603.994436	
0.000336	0.104836	603.850237	
0.000337	0.105149	603.390444	
0.000338	0.105463	604.057032	
0.000339	0.105774	605.137152	
0.000340	0.106085	604.750795	
0.000341	0.106396	604.146765	
0.000342	0.106706	604.693563	
0.000343	0.107015	605.221314	
0.000344	0.107326	605.583110	
0.000345	0.107637	606.478192	
0.000346	0.107947	606.763842	
0.000347	0.108258	606.211530	
0.000348	0.108569	606.369298	
0.000349	0.108879	607.109284	
0.000350	0.109189	607.724097	
0.000351	0.109499	608.659961	
0.000352	0.109808	609.152369	
0.000353	0.110117	608.537499	
0.000354	0.110426	608.417841	
0.000355	0.110734	609.231433	
0.000356	0.111042	609.680461	
0.000357	0.111350	610.039699	
0.000358	0.111657	610.545808	
0.000359	0.111964	610.018000	
0.000360	0.112271	609.128282	
0.000361	0.112579	609.460135	
0.000362	0.112886	610.246361	
0.000363	0.113194	610.640848	
0.000364	0.113503	611.081633	
0.000365	0.113813	611.027281	
0.000366	0.114124	610.409758	
0.000367	0.114436	610.651954	
0.000368	0.114750	611.574306	
0.000369	0.115066	612.175588	
0.000370	0.115384	612.896565	
0.000371	0.115702	613.350881	
0.000372	0.116022	612.708740	
0.000373	0.116344	612.401220	
0.000374	0.116667	613.250004	
0.000375	0.116989	613.696133	
0.000376	0.117311	613.492048	
0.000377	0.113980	613.641667	
0.000378	0.114290	613.554606	
0.000379	0.114713	613.034946	
0.000380	0.114973	613.369586	
0.000381	0.115223	614.373522	
0.000382	0.115599	614.827895	
0.000383	0.115890	614.732703	
0.000384	0.116172	614.335525	
0.000385	0.116563	614.039016	
0.000386	0.116845	614.643046	
0.000387	0.117065	615.521867	
0.000388	0.117435	615.916411	
0.000389	0.117746	616.515002	
0.000390	0.117950	616.814316	
0.000391	0.118337	615.960055	
0.000392	0.118720	615.745149	
0.000393	0.118881	616.958572	
0.000394	0.119172	617.429243	
0.000395	0.119601	616.871492	
0.000396	0.119826	616.784430	
0.000397	0.120083	616.566776	
0.000398	0.120517	615.883910	
0.000399	0.120771	616.297480	
0.000400	0.120956	617.456494	
0.000401	0.121341	617.758443	
0.000402	0.121650	617.657699	
0.000403	0.121863	617.624951	
0.000404	0.122244	617.363672	
0.000405	0.122569	617.823408	
0.000406	0.122736	619.001449	
0.000407	0.123071	619.317061	
0.000408	0.123452	619.153835	
0.000409	0.123651	619.366050	
0.000410	0.123961	619.156526	
0.000411	0.124370	619.123835	
0.000412	0.124558	620.361705	
0.000413	0.124787	621.215984	
0.000414	0.125221	620.734436	
0.000415	0.125496	620.505961	
0.000416	0.125709	620.620312	
0.000417	0.126121	620.274871	
0.000418	0.126427	620.503459	
0.000419	0.126604	621.240791	
0.000420	0.126984	620.870770	
0.000421	0.127363	620.068152	
0.000422	0.127569	620.174240	
0.000423	0.127891	620.644930	
0.000424	0.128247	621.444838	
0.000425	0.128432	622.699101	
0.000426	0.128725	623.041908	
0.000427	0.129140	622.495035	
0.000428	0.129383	622.462363	
0.000429	0.129641	622.655494	
0.000430	0.130040	622.805095	
0.000431	0.130285	623.653935	
0.000432	0.130499	624.159988	
0.000433	0.130920	623.245841	
0.000434	0.131260	622.497669	
0.000435	0.131464	622.873167	
0.000436	0.131815	623.379257	
0.000437	0.132149	624.015921	
0.000438	0.132348	624.872930	
0.000439	0.132688	624.905545	
0.000440	0.133077	624.489207	
0.000441	0.133308	624.660525	
0.000442	0.133610	624.986940	
0.000443	0.133991	625.408622	
0.000444	0.134216	626.064312	
0.000445	0.134504	625.713375	
0.000446	0.134949	624.551689	
0.000447	0.135226	624.478291	
0.000448	0.135442	625.212932	
0.000449	0.135832	625.577552	
0.000450	0.136131	626.222384	
0.000451	0.136326	627.022274	
0.000452	0.136702	626.818189	
0.000453	0.137061	626.458989	
0.000454	0.137260	626.981263	
0.000455	0.137573	627.549798	
0.000456	0.137923	627.819074	
0.000457	0.138135	627.843521	
0.000458	0.138458	627.108918	
0.000459	0.138852	626.551186	
0.000460	0.139048	627.250408	
0.000461	0.139286	627.987702	
0.000462	0.139673	628.172684	
0.000463	0.139903	628.654232	
0.000464	0.140118	628.670568	
0.000465	0.140532	627.726536	
0.000466	0.140821	627.615084	
0.000467	0.140980	628.670834	
0.000468	0.141317	629.206943	
0.000469	0.141638	629.111827	
0.000470	0.141838	628.935069	
0.000471	0.142179	628.497071	
0.000472	0.142518	628.592300	
0.000473	0.142683	629.582611	
0.000474	0.142967	630.221966	
0.000475	0.143329	630.502177	
0.000476	0.143518	630.839546	
0.000477	0.143798	630.232825	
0.000478	0.144221	629.457420	
0.000479	0.144422	630.333436	
0.000480	0.144595	631.402622	
0.000481	0.145006	631.092411	
0.000482	0.145295	630.948174	
0.000483	0.145458	631.448749	
0.000484	0.145825	631.456898	
0.000485	0.146147	631.829629	
0.000486	0.146285	633.130114	
0.000487	0.146593	633.690594	
0.000488	0.146963	633.247137	
0.000489	0.147168	632.920684	
0.000490	0.147468	632.648641	
0.000491	0.147834	632.784710	
0.000492	0.148012	633.761433	
0.000493	0.148257	634.066129	
0.000494	0.148666	633.222671	
0.000495	0.148918	632.705703	
0.000496	0.149142	632.419995	
0.000497	0.149536	631.971081	
0.000498	0.149799	632.607744	
0.000499	0.149953	633.938190	
0.000500	0.150303	634.215711	
0.000501	0.150635	634.019813	
0.000502	0.150821	634.422449	
0.000503	0.151133	634.914856	
0.000504	0.151460	635.605891	
0.000505	0.151635	636.642462	
0.000506	0.151925	636.822024	
0.000507	0.152308	636.212574	
0.000508	0.152535	635.956828	
0.000509	0.152802	635.766369	
0.000510	0.153182	635.744594	
0.000511	0.153399	636.688665	
0.000512	0.153605	637.385176	
0.000513	0.154002	636.830173	
0.000514	0.154301	636.452022	
0.000515	0.154497	636.751336	
0.000516	0.154851	636.876527	
0.000517	0.155162	637.279220	
0.000518	0.155341	637.970292	
0.000519	0.155676	637.665596	
0.000520	0.156052	636.811316	
0.000521	0.156265	636.669865	
0.000522	0.156553	636.914752	
0.000523	0.156902	637.505156	
0.000524	0.157091	638.639685	
0.000525	0.157342	639.085870	
0.000526	0.157734	638.710410	
0.000527	0.157975	638.944381	
0.000528	0.158185	639.526617	
0.000529	0.158551	639.787802	
0.000530	0.158811	640.418989	
0.000531	0.158994	640.816167	
0.000532	0.159372	639.839387	
0.000533	0.159718	638.824496	
0.000534	0.159899	638.925089	
0.000535	0.160201	639.169900	
0.000536	0.160533	639.344004	
0.000537	0.160716	639.724903	
0.000538	0.161001	639.444691	
0.000539	0.161372	638.791768	
0.000540	0.161576	638.922398	
0.000541	0.161807	639.420320	
0.000542	0.162153	640.046125	
0.000543	0.162346	641.052848	
0.000544	0.162550	641.172619	
0.000545	0.162951	640.370057	
0.000546	0.163202	640.710154	
0.000547	0.163330	641.904512	
0.000548	0.163673	642.380565	
0.000549	0.163969	643.019844	
0.000550	0.164086	643.982903	
0.000551	0.164406	643.517633	
0.000552	0.164794	642.407589	
0.000553	0.164952	642.589899	
0.000554	0.165187	643.136810	
0.000555	0.165551	643.033488	
0.000556	0.165751	642.900243	
0.000557	0.165989	642.505794	
0.000558	0.166370	641.817507	
0.000559	0.166590	641.926363	
0.000560	0.166777	642.552129	
0.000561	0.167125	642.903067	
0.000562	0.167364	643.273031	
0.000563	0.167551	643.194061	
0.000564	0.167928	642.200927	
0.000565	0.168227	641.770963	
0.000566	0.168379	642.641503	
0.000567	0.168673	643.588245	
0.000568	0.168968	644.178592	
0.000569	0.169143	644.551304	
0.000570	0.169452	644.213936	
0.000571	0.169793	643.756873	
0.000572	0.169977	644.058878	
0.000573	0.170237	644.437067	
0.000574	0.170574	644.766286	
0.000575	0.170763	645.378465	
0.000576	0.171007	645.081936	
0.000577	0.171404	644.053553	
0.000578	0.171643	644.273973	
0.000579	0.171808	645.128310	
0.000580	0.172168	645.052164	
0.000581	0.172470	644.967851	
0.000582	0.172638	645.161058	
0.000583	0.172982	644.532600	
0.000584	0.173338	644.034734	
0.000585	0.173499	644.780215	
0.000586	0.173763	645.520257	
0.000587	0.174120	645.664438	
0.000588	0.174321	645.835813	
0.000589	0.174583	645.645316	
0.000590	0.174963	645.384075	
0.000591	0.175169	646.153965	
0.000592	0.175364	647.013664	
0.000593	0.175739	646.956527	
0.000594	0.176004	646.839579	
0.000595	0.176202	646.537650	
0.000596	0.176588	645.664400	
0.000597	0.176888	645.808675	
0.000598	0.177018	647.209904	
0.000599	0.177320	647.966301	
0.000600	0.177660	648.007140	
0.000601	0.177834	648.135004	
0.000602	0.178128	647.705116	
0.000603	0.178501	647.109254	
0.000604	0.178684	647.503722	
0.000605	0.178911	647.955328	
0.000606	0.179277	647.661490	
0.000607	0.179506	647.324141	
0.000608	0.179733	646.796333	
0.000609	0.180109	646.306616	
0.000610	0.180333	647.106506	
0.000611	0.180473	648.257371	
0.000612	0.180824	648.371647	
0.000613	0.181113	648.518594	
0.000614	0.181249	648.815179	
0.000615	0.181588	648.145919	
0.000616	0.181937	647.930995	
0.000617	0.182041	649.234208	
0.000618	0.182279	649.933391	
0.000619	0.182665	649.375602	
0.000620	0.182849	649.272148	
0.000621	0.183056	649.473409	
0.000622	0.183421	649.397150	
0.000623	0.183623	650.020131	
0.000624	0.183784	650.928800	
0.000625	0.184131	650.945098	
0.000626	0.184391	650.681166	
0.000627	0.184571	650.395477	
0.000628	0.184918	649.881257	
0.000629	0.185194	650.262156	
0.000630	0.185316	651.266112	
0.000631	0.185622	651.040328	
0.000632	0.185977	650.191506	
0.000633	0.186139	650.104463	
0.000634	0.186396	650.020112	
0.000635	0.186749	649.864997	
0.000636	0.186916	650.613131	
0.000637	0.187114	651.279643	
0.000638	0.187472	650.887809	
0.000639	0.187707	650.463341	
0.000640	0.187906	650.512292	
0.000641	0.188234	650.942161	
0.000642	0.188444	652.182816	
0.000643	0.188591	653.265685	
0.000644	0.188928	653.018145	
0.000645	0.189225	652.542054	
0.000646	0.189387	652.474076	
0.000647	0.189697	652.014303	
0.000648	0.190019	651.840199	
0.000649	0.190163	652.485011	
0.000650	0.190421	652.327243	
0.000651	0.190796	651.037656	
0.000652	0.191015	650.316697	
0.000653	0.191237	650.466354	
0.000654	0.191556	650.820077	
0.000655	0.191762	651.516589	
0.000656	0.191963	652.155962	
0.000657	0.192286	652.063462	
0.000658	0.192540	651.764186	
0.000659	0.192754	651.810426	
0.000660	0.193054	652.311021	
0.000661	0.193277	653.399290	
0.000662	0.193452	654.237253	
0.000663	0.193766	654.150191	
0.000664	0.194048	654.074008	
0.000665	0.194221	654.335211	
0.000666	0.194511	654.389639	
0.000667	0.194806	654.824985	
0.000668	0.194953	655.575924	
0.000669	0.195222	655.189624	
0.000670	0.195589	654.017022	
0.000671	0.195787	653.627974	
0.000672	0.196004	653.734081	
0.000673	0.196338	653.715035	
0.000674	0.196543	654.082308	
0.000675	0.196735	654.414200	
0.000676	0.197069	653.924426	
0.000677	0.197326	653.377496	
0.000678	0.197521	653.434539	
0.000679	0.197815	653.913302	
0.000680	0.198044	654.816514	
0.000681	0.198211	655.360639	
0.000682	0.198529	654.783880	
0.000683	0.198830	654.182693	
0.000684	0.199000	654.161031	
0.000685	0.199280	654.033263	
0.000686	0.199590	654.482234	
0.000687	0.199723	655.932376	
0.000688	0.199941	656.615223	
0.000689	0.200302	656.095488	
0.000690	0.200516	655.885908	
0.000691	0.200715	655.932111	
0.000692	0.201061	655.602910	
0.000693	0.201301	655.643769	
0.000694	0.201479	655.847911	
0.000695	0.201817	655.203212	
0.000696	0.202114	654.438779	
0.000697	0.202304	654.359905	
0.000698	0.202600	654.607463	
0.000699	0.202880	655.445369	
0.000700	0.203034	656.628774	
0.000701	0.203312	656.767439	
0.000702	0.203662	656.255891	
0.000703	0.203862	656.258582	
0.000704	0.204109	656.193257	
0.000705	0.204467	656.098009	
0.000706	0.204671	656.873376	
0.000707	0.204865	657.387577	
0.000708	0.205242	656.636676	
0.000709	0.205531	656.059936	
0.000710	0.205715	656.334784	
0.000711	0.206038	656.593316	
0.000712	0.206330	657.006906	
0.000713	0.206507	657.594619	
0.000714	0.206821	657.352537	
0.000715	0.207167	656.683334	
0.000716	0.207373	656.484802	
0.000717	0.207657	656.335201	
0.000718	0.208001	656.452168	
0.000719	0.208189	657.118642	
0.000720	0.208437	656.957974	
0.000721	0.208834	655.964782	
0.000722	0.209076	655.926615	
0.000723	0.209261	656.544195	
0.000724	0.209613	656.663928	
0.000725	0.209885	656.949635	
0.000726	0.210058	657.346870	
0.000727	0.210402	656.740130	
0.000728	0.210737	655.951081	
0.000729	0.210920	656.163258	
0.000730	0.211196	656.818948	
0.000731	0.211501	657.564467	
0.000732	0.211676	658.163096	
0.000733	0.211958	657.741471	
0.000734	0.212325	657.064081	
0.000735	0.212513	657.439560	
0.000736	0.212723	657.986414	
0.000737	0.213074	658.138763	
0.000738	0.213283	658.740045	
0.000739	0.213461	658.976763	
0.000740	0.213832	657.828665	
0.000741	0.214127	656.990721	
0.000742	0.214282	657.638263	
0.000743	0.214554	658.255843	
0.000744	0.214849	658.146988	
0.000745	0.215049	658.138782	
0.000746	0.215311	657.999983	
0.000747	0.215611	657.480286	
0.000748	0.215832	657.477538	
0.000749	0.216059	657.999908	
0.000750	0.216323	658.223038	
0.000751	0.216562	658.038094	
0.000752	0.216814	657.613759	
0.000753	0.217093	657.292822	
0.000754	0.217325	657.668376	
0.000755	0.217532	658.413914	
0.000756	0.217788	658.607121	
0.000757	0.218057	658.144600	
0.000758	0.218308	657.461657	
0.000759	0.218578	656.868449	
0.000760	0.218842	656.737743	
0.000761	0.219063	657.194712	
0.000762	0.219296	657.665325	
0.000763	0.219559	657.537443	
0.000764	0.219820	656.979749	
0.000765	0.220081	656.620681	
0.000766	0.220333	656.860148	
0.000767	0.220556	657.564808	
0.000768	0.220788	658.035441	
0.000769	0.221057	657.727921	
0.000770	0.221332	656.922516	
0.000771	0.221599	656.204211	
0.000772	0.221863	655.953904	
0.000773	0.222110	656.334822	
0.000774	0.222337	656.979654	
0.000775	0.222587	657.148357	
0.000776	0.222867	656.693984	
0.000777	0.223137	656.201482	
0.000778	0.223391	656.133391	
0.000779	0.223646	656.356427	
0.000780	0.223900	656.397191	
0.000781	0.224169	655.861195	
0.000782	0.224464	654.835503	
0.000783	0.224752	653.883283	
0.000784	0.225019	653.450705	
0.000785	0.225283	653.524159	
0.000786	0.225541	653.749962	
0.000787	0.225802	653.513243	
0.000788	0.226099	652.487532	
0.000789	0.226414	651.222410	
0.000790	0.226693	650.400783	
0.000791	0.226967	649.930132	
0.000792	0.227263	649.249994	
0.000793	0.227562	647.979453	
0.000794	0.227879	646.113087	
0.000795	0.228219	644.127007	
0.000796	0.228530	642.698679	
0.000797	0.228816	642.029419	
0.000798	0.229113	641.675772	
0.000799	0.229411	640.992905	
0.000800	0.229726	639.488374	
0.000801	0.230083	637.295499	
0.000802	0.230432	635.143445	
0.000803	0.230751	633.331488	
0.000804	0.231093	631.456974	
0.000805	0.231453	629.215186	
0.000806	0.231802	626.665954	
0.000807	0.232170	624.111264	
0.000808	0.232535	622.106139	
0.000809	0.232854	620.955292	
0.000810	0.233171	620.256052	
0.000811	0.233512	619.330971	
0.000812	0.233850	617.820925	
0.000813	0.234209	615.837460	
0.000814	0.234585	613.832221	
0.000815	0.234928	612.120838	
0.000816	0.235272	610.338767	
0.000817	0.235657	607.822150	
0.000818	0.236051	604.434936	
0.000819	0.236455	600.530811	
0.000820	0.236877	596.607640	
0.000821	0.237278	593.040845	
0.000822	0.237665	589.539318	
0.000823	0.238090	585.373933	
