Time [s]	Eng. strain [-]	Cast-800-20C-005 [MPa]
0.000000	-0.000001	-0.111403	
0.000001	0.000016	3.247769	
0.000002	0.000022	4.444728	
0.000003	0.000027	5.442197	
0.000004	0.000035	7.088022	
0.000005	0.000047	9.432072	
0.000006	0.000064	12.823446	
0.000007	0.000087	17.411795	
0.000008	0.000115	23.047526	
0.000009	0.000149	29.730564	
0.000010	0.000183	36.662928	
0.000011	0.000216	43.296080	
0.000012	0.000255	50.976597	
0.000013	0.000302	60.352791	
0.000014	0.000349	69.778835	
0.000015	0.000395	78.905668	
0.000016	0.000445	88.980128	
0.000017	0.000496	99.254063	
0.000018	0.000542	108.331009	
0.000019	0.000584	116.709724	
0.000020	0.000624	124.789191	
0.000021	0.000658	131.571966	
0.000022	0.000686	137.107970	
0.000023	0.000718	143.691132	
0.000024	0.000759	151.820207	
0.000025	0.000795	158.902230	
0.000026	0.000827	165.435713	
0.000027	0.000873	174.512833	
0.000028	0.000927	185.435323	
0.000029	0.000985	196.956029	
0.000030	0.001053	210.571535	
0.000031	0.001134	226.780355	
0.000032	0.001228	245.582489	
0.000033	0.001339	267.726229	
0.000034	0.001469	293.760114	
0.000035	0.001628	325.579538	
0.000036	0.001827	365.328631	
0.000037	0.002066	413.107097	
0.000038	0.002339	467.867883	
0.000039	0.002638	527.566213	
0.000040	0.002950	589.908230	
0.000041	0.003265	652.948514	
0.000042	0.003558	711.699147	
0.000043	0.004741	759.377910	
0.000044	0.005900	792.992678	
0.000045	0.007034	811.196596	
0.000046	0.008143	812.593129	
0.000047	0.009231	799.974998	
0.000048	0.010303	778.678905	
0.000049	0.011359	753.592718	
0.000050	0.012399	731.299598	
0.000051	0.013420	718.432384	
0.000052	0.014421	717.035850	
0.000053	0.015402	725.813514	
0.000054	0.016369	742.720601	
0.000055	0.017329	763.717238	
0.000056	0.018289	784.115311	
0.000057	0.019254	800.723290	
0.000058	0.020227	811.745482	
0.000059	0.021209	817.829782	
0.000060	0.022197	820.323046	
0.000061	0.023191	819.874210	
0.000062	0.024190	819.226316	
0.000063	0.025190	820.872280	
0.000064	0.026189	823.365544	
0.000065	0.027180	825.709427	
0.000066	0.028161	828.901652	
0.000067	0.029130	831.844447	
0.000068	0.030090	833.240981	
0.000069	0.031046	834.288033	
0.000070	0.032006	836.282436	
0.000071	0.032969	838.776047	
0.000072	0.033936	839.823794	
0.000073	0.034901	839.225578	
0.000074	0.035861	839.824142	
0.000075	0.036818	842.168373	
0.000076	0.037775	844.213148	
0.000077	0.038733	846.108195	
0.000078	0.039694	848.202995	
0.000079	0.040653	849.599529	
0.000080	0.041609	850.646929	
0.000081	0.042559	851.794031	
0.000082	0.043505	852.891109	
0.000083	0.044451	853.988187	
0.000084	0.045398	854.736131	
0.000085	0.046347	855.334695	
0.000086	0.047295	856.232715	
0.000087	0.048239	856.581848	
0.000088	0.049180	856.830932	
0.000089	0.050120	858.376845	
0.000090	0.051063	859.823404	
0.000091	0.052009	860.721424	
0.000092	0.052957	862.865901	
0.000093	0.053904	864.910329	
0.000094	0.054850	865.259115	
0.000095	0.055795	865.608248	
0.000096	0.056742	866.555946	
0.000097	0.057690	867.353915	
0.000098	0.058640	868.750449	
0.000099	0.059588	870.496115	
0.000100	0.060533	871.044654	
0.000101	0.061476	871.293738	
0.000102	0.062418	872.191410	
0.000103	0.063360	872.740296	
0.000104	0.064300	873.239157	
0.000105	0.065239	874.136829	
0.000106	0.066174	874.835096	
0.000107	0.067107	875.583041	
0.000108	0.068040	876.480713	
0.000109	0.068973	877.478435	
0.000110	0.069905	878.874969	
0.000111	0.070836	880.022071	
0.000112	0.071766	880.820041	
0.000113	0.072696	881.618010	
0.000114	0.073626	881.917119	
0.000115	0.074558	882.465658	
0.000116	0.075489	883.563083	
0.000117	0.076420	883.862538	
0.000118	0.077350	884.461102	
0.000119	0.078281	886.156744	
0.000120	0.079212	887.154119	
0.000121	0.080144	888.201172	
0.000122	0.081074	889.597358	
0.000123	0.082003	889.547680	
0.000124	0.082932	889.447977	
0.000125	0.083860	889.597358	
0.000126	0.084788	888.549958	
0.000127	0.085714	888.649661	
0.000128	0.086638	890.594733	
0.000129	0.087562	891.642133	
0.000130	0.088486	891.991266	
0.000131	0.089410	893.038666	
0.000132	0.090333	894.036389	
0.000133	0.091255	894.934408	
0.000134	0.092176	896.280917	
0.000135	0.093099	896.978836	
0.000136	0.094022	896.978836	
0.000137	0.094944	897.527722	
0.000138	0.095866	898.325692	
0.000139	0.096786	899.073636	
0.000140	0.097707	899.572150	
0.000141	0.098629	899.322372	
0.000142	0.099551	899.621480	
0.000143	0.100471	900.868633	
0.000144	0.101392	901.766653	
0.000145	0.102313	902.414895	
0.000146	0.103235	902.614300	
0.000147	0.104157	902.315192	
0.000148	0.105078	903.262889	
0.000149	0.105997	905.158284	
0.000150	0.106915	906.305387	
0.000151	0.107833	907.352439	
0.000152	0.108750	908.299789	
0.000153	0.109664	907.900631	
0.000154	0.110574	907.701225	
0.000155	0.111480	908.748973	
0.000156	0.112384	909.148131	
0.000157	0.113284	908.998403	
0.000158	0.114181	909.596967	
0.000159	0.115072	910.345259	
0.000160	0.115958	910.893798	
0.000161	0.116841	911.392312	
0.000162	0.117721	911.691420	
0.000163	0.118596	911.940851	
0.000164	0.119467	912.090578	
0.000165	0.120335	912.589092	
0.000166	0.121204	913.985278	
0.000167	0.122073	914.982653	
0.000168	0.122944	915.032678	
0.000169	0.123816	915.531887	
0.000170	0.124692	916.180476	
0.000171	0.125576	916.529262	
0.000172	0.126467	917.875423	
0.000173	0.127363	919.172254	
0.000174	0.128264	919.272304	
0.000175	0.129169	919.870868	
0.000176	0.130079	920.519457	
0.000177	0.130990	920.619160	
0.000178	0.131899	921.965321	
0.000179	0.132807	922.862993	
0.000180	0.133714	921.815940	
0.000181	0.134620	922.065371	
0.000182	0.135524	923.660962	
0.000183	0.136426	924.209501	
0.000184	0.137326	924.858090	
0.000185	0.138226	925.805440	
0.000186	0.139127	926.104548	
0.000187	0.140027	926.902865	
0.000188	0.140926	927.601132	
0.000189	0.141825	927.102271	
0.000190	0.142724	927.401726	
0.000191	0.143623	928.748582	
0.000192	0.144523	928.998013	
0.000193	0.145421	928.748582	
0.000194	0.146319	929.496527	
0.000195	0.147218	930.344174	
0.000196	0.148117	930.393851	
0.000197	0.149015	930.393851	
0.000198	0.149913	930.593604	
0.000199	0.150812	930.443877	
0.000200	0.151711	930.742985	
0.000201	0.152612	931.840410	
0.000202	0.153511	932.139518	
0.000203	0.154408	931.989790	
0.000204	0.155305	933.186918	
0.000205	0.156201	934.633129	
0.000206	0.157097	935.031940	
0.000207	0.157991	935.829910	
0.000208	0.158885	937.176418	
0.000209	0.159780	937.575577	
0.000210	0.160674	937.974735	
0.000211	0.161567	939.171516	
0.000212	0.162457	940.019510	
0.000213	0.163347	940.867505	
0.000214	0.164237	941.515746	
0.000215	0.165125	940.917530	
0.000216	0.166012	941.266663	
0.000217	0.166898	942.961958	
0.000218	0.167783	942.911932	
0.000219	0.168666	942.313369	
0.000220	0.169548	943.061660	
0.000221	0.170429	942.862602	
0.000222	0.171309	942.164335	
0.000223	0.172188	943.111685	
0.000224	0.173067	943.759927	
0.000225	0.173943	943.311091	
0.000226	0.174817	943.959680	
0.000227	0.175690	945.106783	
0.000228	0.176563	945.056758	
0.000229	0.177434	944.707624	
0.000230	0.178304	944.907030	
0.000231	0.179173	945.455569	
0.000232	0.180041	945.904405	
0.000233	0.180909	945.804702	
0.000234	0.181778	946.203861	
0.000235	0.182648	947.450666	
0.000236	0.183520	947.600047	
0.000237	0.184394	946.802077	
0.000238	0.185269	946.952152	
0.000239	0.186146	947.700444	
0.000240	0.187025	948.148933	
0.000241	0.187906	948.497719	
0.000242	0.188788	949.046258	
0.000243	0.189671	949.694847	
0.000244	0.190553	949.794897	
0.000245	0.191434	949.695194	
0.000246	0.192316	950.692569	
0.000247	0.193196	951.989052	
0.000248	0.194074	952.188458	
0.000249	0.194951	952.637641	
0.000250	0.195827	954.233580	
0.000251	0.196703	955.130905	
0.000252	0.197577	954.881475	
0.000253	0.198450	954.981177	
0.000254	0.199322	955.679444	
0.000255	0.200192	956.178653	
0.000256	0.201061	955.929570	
0.000257	0.201927	956.078950	
0.000258	0.202794	957.774244	
0.000259	0.203659	958.771619	
0.000260	0.204523	958.372808	
0.000261	0.205386	959.320506	
0.000262	0.206247	960.467608	
0.000263	0.207107	959.968747	
0.000264	0.207966	960.417583	
0.000265	0.208823	961.664736	
0.000266	0.209678	961.465331	
0.000267	0.210531	961.066172	
0.000268	0.211385	961.116197	
0.000269	0.212236	961.215900	
0.000270	0.213087	961.564686	
0.000271	0.213937	961.415306	
0.000272	0.214787	961.365628	
0.000273	0.215637	961.963845	
0.000274	0.216486	961.714414	
0.000275	0.217335	961.365281	
0.000276	0.218185	962.212928	
0.000277	0.219035	962.412333	
0.000278	0.219886	961.664389	
0.000279	0.220738	962.013522	
0.000280	0.221590	962.960872	
0.000281	0.222442	963.110600	
0.000282	0.223295	962.811839	
0.000283	0.224147	962.811839	
0.000284	0.224997	963.609461	
0.000285	0.225847	964.307728	
0.000286	0.226696	964.208025	
0.000287	0.227542	965.005995	
0.000288	0.228387	966.402528	
0.000289	0.229231	966.302478	
0.000290	0.230072	966.202428	
0.000291	0.230912	967.150125	
0.000292	0.231750	966.551909	
0.000293	0.232588	964.906292	
0.000294	0.233425	965.305450	
0.000295	0.234261	966.752009	
0.000296	0.235097	966.951414	
0.000297	0.235933	966.352503	
0.000298	0.226613	965.853642	
0.000299	0.227458	965.654236	
0.000300	0.228286	965.953345	
0.000301	0.229099	966.751314	
0.000302	0.229906	967.749036	
0.000303	0.230735	968.197873	
0.000304	0.231593	967.848739	
0.000305	0.232434	968.048492	
0.000306	0.233228	969.594753	
0.000307	0.234022	971.190692	
0.000308	0.234844	971.988314	
0.000309	0.235671	972.636556	
0.000310	0.236501	973.185442	
0.000311	0.237334	973.684304	
0.000312	0.238140	974.881432	
0.000313	0.238949	975.978509	
0.000314	0.239797	975.928137	
0.000315	0.240650	975.728384	
0.000316	0.241489	975.878112	
0.000317	0.242328	975.978162	
0.000318	0.243158	976.327295	
0.000319	0.243987	976.726106	
0.000320	0.244811	977.224967	
0.000321	0.245629	977.873557	
0.000322	0.246470	977.873557	
0.000323	0.247296	978.272368	
0.000324	0.248090	979.568851	
0.000325	0.248926	979.618876	
0.000326	0.249785	978.970982	
0.000327	0.250605	979.419818	
0.000328	0.251426	979.768604	
0.000329	0.252250	979.968009	
0.000330	0.253039	981.115112	
0.000331	0.253838	981.913082	
0.000332	0.254672	981.663651	
0.000333	0.255511	981.214815	
0.000334	0.256346	980.865682	
0.000335	0.257156	981.164790	
0.000336	0.257962	981.613626	
0.000337	0.258807	980.965384	
0.000338	0.259642	980.566573	
0.000339	0.260438	981.314518	
0.000340	0.261242	981.863057	
0.000341	0.262055	982.162512	
0.000342	0.262873	982.312240	
0.000343	0.263710	981.913429	
0.000344	0.264540	981.714023	
0.000345	0.265360	981.763701	
0.000346	0.266172	982.012784	
0.000347	0.266963	982.860432	
0.000348	0.267784	982.860432	
0.000349	0.268638	981.913082	
0.000350	0.269455	982.013132	
0.000351	0.270269	982.212537	
0.000352	0.271111	981.663651	
0.000353	0.271910	982.361918	
0.000354	0.272691	983.608723	
0.000355	0.273524	983.409318	
0.000356	0.274363	983.110210	
0.000357	0.275169	983.758451	
0.000358	0.275968	984.606446	
0.000359	0.276774	985.304712	
0.000360	0.277605	985.304712	
0.000361	0.278445	985.005604	
0.000362	0.279257	985.504118	
0.000363	0.280060	986.252062	
0.000364	0.280862	987.050032	
0.000365	0.281659	988.047407	
0.000366	0.282491	988.047407	
0.000367	0.283348	987.399165	
0.000368	0.284173	987.648596	
0.000369	0.284996	987.997382	
0.000370	0.285848	987.548198	
0.000371	0.286682	987.648248	
0.000372	0.287496	988.297185	
0.000373	0.288348	987.898374	
0.000374	0.289207	987.299810	
0.000375	0.290023	987.898374	
0.000376	0.290833	988.696343	
0.000377	0.291669	988.746021	
0.000378	0.292503	988.845724	
0.000379	0.293299	989.942801	
0.000380	0.294087	991.239285	
0.000381	0.294907	991.638443	
0.000382	0.295736	991.738493	
0.000383	0.296563	991.888221	
0.000384	0.297393	991.888221	
0.000385	0.298201	992.486785	
0.000386	0.298993	993.484160	
0.000387	0.299814	993.633541	
0.000388	0.300648	993.384110	
0.000389	0.301472	993.384110	
0.000390	0.302296	993.284407	
0.000391	0.303099	993.733243	
0.000392	0.303893	994.381485	
0.000393	0.304726	993.832946	
0.000394	0.305559	993.234730	
0.000395	0.306359	993.533838	
0.000396	0.307165	993.633193	
0.000397	0.307971	993.732896	
0.000398	0.308762	994.281435	
0.000399	0.309564	994.530865	
0.000400	0.310367	994.780643	
0.000401	0.311157	995.429232	
0.000402	0.311959	995.778366	
0.000403	0.312762	996.127499	
0.000404	0.313559	996.676038	
0.000405	0.314374	996.725716	
0.000406	0.315175	997.174552	
0.000407	0.315967	997.922844	
0.000408	0.316805	997.423982	
0.000409	0.317630	997.323932	
0.000410	0.318419	998.271630	
0.000411	0.319259	997.822793	
0.000412	0.320113	997.024477	
0.000413	0.320922	997.522990	
0.000414	0.321741	997.722743	
0.000415	0.322572	997.623388	
0.000416	0.323400	997.573363	
0.000417	0.324253	996.825071	
0.000418	0.325088	996.575988	
0.000419	0.325900	996.975146	
0.000420	0.326731	996.875444	
0.000421	0.327545	997.224577	
0.000422	0.328335	998.271630	
0.000423	0.329149	998.620416	
0.000424	0.329973	998.670093	
0.000425	0.330771	999.468063	
0.000426	0.331574	1000.066627	
0.000427	0.332426	999.268657	
0.000428	0.333295	997.972174	
0.000429	0.334112	998.122249	
0.000430	0.334887	999.419080	
0.000431	0.335689	999.967271	
0.000432	0.336510	999.966924	
0.000433	0.337323	1000.116652	
0.000434	0.338159	999.568113	
0.000435	0.338993	998.969549	
0.000436	0.339783	999.568113	
0.000437	0.340581	999.917246	
0.000438	0.341408	999.418385	
0.000439	0.342216	999.468410	
0.000440	0.343028	999.418732	
0.000441	0.343858	998.869846	
0.000442	0.344663	999.019227	
0.000443	0.345471	999.069252	
0.000444	0.346295	998.670441	
0.000445	0.347080	999.318682	
0.000446	0.347856	1000.266380	
0.000447	0.348666	1000.217049	
0.000448	0.349471	1000.316752	
0.000449	0.350266	1000.715216	
0.000450	0.351098	1000.066974	
0.000451	0.351934	999.269352	
0.000452	0.352719	999.867569	
0.000453	0.353485	1000.964299	
0.000454	0.354283	1001.114027	
0.000455	0.355111	1000.366430	
0.000456	0.355926	1000.017296	
0.000457	0.356705	1000.665191	
0.000458	0.357508	1000.615166	
0.000459	0.358355	999.318682	
0.000460	0.359168	998.969896	
0.000461	0.359941	999.768213	
0.000462	0.360746	999.668510	
0.000463	0.361579	998.770491	
0.000464	0.362389	998.570738	
0.000465	0.363172	999.119277	
0.000466	0.363964	999.418732	
0.000467	0.364782	999.019921	
0.000468	0.365588	998.969896	
0.000469	0.366363	999.767866	
0.000470	0.367162	999.917594	
0.000471	0.367990	999.219327	
0.000472	0.368810	998.720466	
0.000473	0.369635	998.071877	
0.000474	0.370444	997.872471	
0.000475	0.371214	998.820168	
0.000476	0.372006	999.119277	
0.000477	0.372824	998.720466	
0.000478	0.373614	999.119624	
0.000479	0.374414	999.219327	
0.000480	0.375249	998.371332	
0.000481	0.376067	997.972174	
0.000482	0.376865	998.171579	
0.000483	0.377662	998.370985	
0.000484	0.378459	998.620416	
0.000485	0.379267	998.570738	
0.000486	0.380086	998.221605	
0.000487	0.380908	997.872471	
0.000488	0.381746	997.124527	
0.000489	0.382575	996.675691	
0.000490	0.383379	996.975146	
0.000491	0.384211	996.526310	
0.000492	0.385050	995.927399	
0.000493	0.385842	996.625666	
0.000494	0.386647	996.975146	
0.000495	0.387489	996.276880	
0.000496	0.388317	995.927399	
0.000497	0.389136	995.877374	
0.000498	0.389956	995.827696	
0.000499	0.390777	995.778018	
0.000500	0.391611	995.428885	
0.000501	0.392427	995.628291	
0.000502	0.393237	996.077127	
0.000503	0.394101	994.980049	
0.000504	0.394982	993.434135	
0.000505	0.395812	993.284407	
0.000506	0.396626	993.583515	
0.000507	0.397458	993.284407	
0.000508	0.398306	992.486438	
0.000509	0.399144	991.887874	
0.000510	0.399950	992.137304	
0.000511	0.400767	992.037254	
0.000512	0.401626	990.740424	
0.000513	0.402466	989.942801	
0.000514	0.403277	989.992827	
0.000515	0.404099	989.743396	
0.000516	0.404908	989.892776	
0.000517	0.405718	989.992479	
0.000518	0.406580	988.645971	
0.000519	0.407436	987.448843	
0.000520	0.408239	987.698273	
0.000521	0.409027	988.346863	
0.000522	0.409836	988.346863	
0.000523	0.410681	987.299462	
0.000524	0.411529	986.102682	
0.000525	0.412343	985.853599	
0.000526	0.413149	985.803574	
0.000527	0.413991	984.706148	
0.000528	0.414851	983.110210	
0.000529	0.415685	982.262215	
0.000530	0.416505	981.863404	
0.000531	0.417330	981.314865	
0.000532	0.418165	980.566573	
0.000533	0.419015	979.419818	
0.000534	0.419873	978.073309	
0.000535	0.420723	977.025562	
0.000536	0.421546	976.776131	
0.000537	0.422357	976.925859	
0.000538	0.423196	976.327295	
0.000539	0.424044	975.479301	
0.000540	0.424887	974.831059	
0.000541	0.425764	973.235467	
0.000542	0.426639	971.739231	
0.000543	0.427459	971.838587	
0.000544	0.428312	971.090295	
0.000545	0.429226	968.696386	
0.000546	0.430095	967.649334	
0.000547	0.430950	967.101142	
0.000548	0.431859	965.106045	
0.000549	0.432749	963.759189	
0.000550	0.433627	962.861517	
0.000551	0.434542	960.966122	
0.000552	0.435451	959.320158	
0.000553	0.436369	957.475136	
0.000554	0.437309	955.081575	
0.000555	0.438220	953.535314	
0.000556	0.439139	951.839325	
0.000557	0.440096	949.146308	
0.000558	0.441051	946.602672	
0.000559	0.442023	943.759580	
0.000560	0.443051	939.520302	
0.000561	0.444161	933.336299	
0.000562	0.445435	922.963043	
